2581483651029403393909
6083171295324933461611
2955957067584709567403
2509916604218865271277
2814018961434884210633
2287584214753135414079
8119685444414932116983
3588507010477814556277
3087535739204988034687
1558332878678865704197
3324476831886540229637
936972605997654447829
4746580826601315404657
7933155835508012204597
3606206851706802923291
4454333101681606455959
6107627149298427182839
3268796838349581829733
3497896469723792896681
3538056311638826568023
2286337439199482264203
2269200793312983242369
3289749226443595998107
5243032507448179264921
3196847582675929336943
2727495253050800721943
3730799891670715228949
5935690892851159823699
2598116448888191408651
7031839249335106318897
4338547439053834013897
4616376271240653645911
5255927490982241528281
7834697597570885441627
2235630331279099079021
1971251591746137124001
4748547884302031173873
1194041529833658414409
3568811359384856246929
2917304541303775936427
2081131199226122275189
4406253771477410276287
2498512055121391073887
2369270038444345570211
6176970020415505149607
2199325930831883162873
5955441517837231763923
3607819961189872792927
1222672614883418649443
3956002004408883843319
5192080331480482582609
5210895237672856555157
7148040339403191738649
3522951421777449681743
4740054563148384941959
4162086828068535448457
2075548682370575258479
1950303166078111515481
6491599245295892953157
2576624869813147714027
1509283765587479324389
2603566699040466532979
5110891092096172169693
1827287786572054457039
1472550586436279396953
1565622134559353864843
3361926811512538444657
3685965260192061287227
3944401925309812149247
6201072211161053597071
2027081530042539263759
5663317130430759492593
1890229598919988925659
2791310309638692379921
3214269784934041554593
4935764161928860326427
4476559160146893379871
5232778860003107058739
6400632241650082679987
3764076598319651525279
3014604198687383315137
2708431851622445785493
3294717277722381415831
1534487968322676252169
3542679767974785957901
5823905475174989895809
1661416320357000798109
2127901561605856201859
4081366913177698973207
3374223309096823984049
5742158129057424849757
2576192743989772810493
4869850121256259904623
2850386655154747137931
4667680361494874843831
2538865872425822620319
3200863759071778155277
2846708707702243974599
3097180792621527176549
7882282813291072322243
1321532386403011502843
4026385671694686959639
5037337708138125664609
1180425070875588874711
3996370476620326446263
2371385694327528395339
3038778240659972343619
3965247218721946987013
2278547595325640093111
4375092929844658626769
6260008419584735386871
2343971752400083901687
3082848217771040587667
1658341944505564992911
3300351809092799854031
5121611053456362773311
5596951251505286430067
2440405968987173536429
2995420466158513176313
2826347681535612654449
2357198363130147351517
1738528766949809375899
1428915104710992432697
6444526050282217758409
5053010179520384162231
4146907887989577662353
3702627887324342685601
6238532868654513134989
5696131370315202281749
6017873237389527797609
2461545916715925063049
4851015754615268407049
5418041401709764673873
1737948554284018126079
3511365527246774754707
2924974947781665087679
2479557202512529133471
5126623218851803425839
1606712009806541950171
1163664695970939797933
4864462843128510965569
3372297139151539251511
1314048841864971560839
4040907547436988910027
2252941281873680307521
5964476367848839990631
1617863196215301608347
2242839972535132334593
2476422082099610813813
1817885619024768777683
1833120324784504637771
5358296495289533993767
2186746986482482208761
4326079522346062125479
964032567239194716097
1451651437354188633791
2319743019939866843321
5721922140481673319107
1839487921319285838353
2579487214457781367709
1057722909837945410201
7208583764611414394959
2192000026471906322003
6338388319107347010979
1187870400960441396329
2261410345999922521091
3452355886647769106699
3023130026278422561997
3474095118995527711987
4581196293588439349543
3332182450624455976969
4691439673077536938147
1815368229169719242747
6403275980276767775917
2954644472256510032297
3000092007341810299019
4224330411150937901257
4117737572325565723441
5358670635016033569527
4452578706322201581391
3695524474316074559849
6507140072702122505131
5494065594145952715917
5072596785892668519077
3129171726923811309547
5796342017542032764693
2373776153542308476651
5648625175303711826297
5625742466289857088607
2858099789758270729747
3770025174435832915621
1699054659145176618151
3076375359935266267873
3447068346106659882791
839118943008837670757
2915807766699198337181
1907643738421289728693
1425616079705620210069
2767579944795672677527
2959889939605620216677
6288436546637730003137
3450590417948871184489
4115876193188509945603
6150768145473717816041
1788567954221969237113
5058329892434406811057
3351950134695612952273
3236390791863368113789
5151057249621348739549
4846572689653150303619
642561631348428114133
3648967953794846201789
1536576288993321834527
4030646071288810711651
6406783842256782219317
3032072888861360969509
2895013509027206804873
4137513022405571529289
3625858677874169400127
3055746107569654660039
2411421829491166931147
5176819366006078033003
4449065917206894009079
2978409666006631155781
2674888844566672171967
1327343682242606047667
6363256458465842101807
2431822752787596985981
2255936432931995613251
5516542135916654846447
5260846166190685041247
1878375180063184887559
6890919108540345283583
4311519131225317093801
6006281464922852799877
6920004890082269863079
3465302345816328900709
4117730401556424056357
2328655762480194015373
1041807188259773693507
5255194630879033169971
7227708382241745290311
4576920082749346474151
2027097443831917466227
2922697023870608507051
5077326962177629191911
1170105219217207034441
3223732016882275542803
1094488424977974286889
734823271405147821979
4606222018003342648259
2047948837762475607227
6139111158374487808883
5543700786858848009191
7059115073506303115047
2434781669341657918267
3364434320247836991907
1262619563648812081079
2283448577673235969541
8759832663156138980137
4187416332866529967367
2977343065094760402101
3293194850108251087277
826303600157691610289
4126454099946444538837
1864884952207146997121
3325472895015683535301
7712585463212117626597
1450457468644191925003
4302156753199130390603
1356259423940255043929
7700801023234660714277
6706261704901953630031
2244523211748146426809
834512127684166498087
3178696674563917075843
1695942916741117610701
2191883290445517380137
1983347169851589742751
1410982903247382994223
2860325007938262493177
3314734070700710515577
2691173990838651969479
5916994599682515290537
1758210972509993535241
5936516655632305850017
4589799247145153553929
3563040342215445954823
2757765572018699264563
2432312963906995068863
1924896109028192970497
3348508352687240774153
2566683228173840944019
1190694263607487135039
5947740826144954948717
4724437820525724729067
1545867779534391600223
3148164220132777127693
3612440280644824904629
3246543758400828282367
2158637942456737991929
2955347929710395864027
7120733058816574596521
2517975960008182777801
5098050331336115417699
1951918404990738488207
1769602900693220588263
3083319297281713159123
1548549007162506155509
6975179595256900261361
7049941778263593749569
1930757636956337151133
902000049705308608141
1747761336008027966641
2817877710654504423797
2218726145042596895011
4227954682758940176677
1051455489170440317283
3583289281038530567107
2314508756336328123683
3753005896376740505657
4191359305632074887109
3389119175591494074887
3355922397364972070243
936998382398761582423
2039163504082848928969
4269804988149608114663
851164602774116397827
2346902542473059661949
624923753712671001683
2739955535625652682837
4869699110300070302941
2432098794846024190951
6123401658512860109177
1390040022827382058387
4565177263232406536791
7509311613580377543311
2806170325109490137207
2776824903036147681661
2486719767470946052867
3201905110138335556451
2334451892184670784551
5849167126882577084029
903301952424258959387
2426414136030441041237
6149370737886098468659
744803207478296518303
3492989904605207921149
3652808722597328827031
2247168259577286797471
826161797072800387553
2818982938238822494661
6749136830278698382757
7004906062197480653231
6315759894835612332641
8222518722121705993001
7195245581658738442309
943923089264551187347
2302106914465701541897
3344171683231809816641
2021729350534886291113
3884335403611668003263
1456677421071537147811
1524668417327116079021
836049740895927963161
4415725662299708901491
1316872149955868003369
1662696910139840542403
4815341426835239520827
3867008156951058244219
5417975242463317295143
4822271731041176776267
6751914029304778670737
2819896901616908215969
3377266354166752045441
987786026239926926093
4449950950874912868067
3269087018548818398539
1692135385689873187123
2251274934019080803143
3204031752909906452503
3604023098971963819859
2127981442819227810491
2400533670310664424647
1260351241031260162649
1999594480167381558691
3072761554695122876669
1763489765085471234709
617866000681460899241
2961168869231665898059
7035646280904189337427
2441007095065042771291
1415730128359681416263
2417033791376888069153
784452074317993168621
7798652349654395225137
792611284589628102113
1544789513610118728907
3456500588209869597949
4329312585487143581857
1503896107359540193433
2732361951781967060497
2980086679041048123257
4790692685173471601263
4579626360837238106603
5122552607919618497233
4164224632575977366197
4482205156448952270619
2292147650080323143651
2719626500331354710077
3329984330473277316157
4686220598299970280647
6810500379042179860123
3703136810952686014657
3193252515606245855057
2243591993853553278389
1056493623522784845911
6198377663447045048233
1644113768833296927587
2904712240028630087867
3987102752842509370649
2352726217964760499423
2126394317241060124309
5964623744306295013667
5267036658327457317743
887177932284677984053
2114534878685449149827
4482870753144063125809
3432123148793656786541
1852783043052810588007
1341144851542081823099
3631614905023442304911
5236901472729565891579
4753154513627358658049
2468496267152550898993
3284154186817689744187
8403769887191321841463
2471528349055247044417
4872934092501647263051
7947211748053860209021
8067210084184400270857
3256250412086584586183
1205467415633743111807
2746700634256924308827
3822461574743353462457
4489413843549549642379
4171067391122509339879
5579449056247417248019
991855032667010545967
1226377521658535441639
8176159719818165961427
2934488233550551036039
1503066838390224652511
3694074560855104784047
6003723031436338457243
2325415099389381463939
915189964871505890909
1149820366287200529041
3891348942042688301803
3349044308184252251017
4460993469156334935397
1144181976513720248521
8187886953311062898749
6576123983722722377621
2602689339556409171279
2661466987132157833591
6131502290760070088509
2337282836042680685147
1553642613449062509799
4989514314669109095187
903744209370807504127
3001291304981196107371
2338363551912013438739
1733058622983066579919
3224725585057250646763
3151709429237549563781
1973668534467171429929
1343826979036250260891
666137853836671336297
5938892805084934362623
7657262225121160952323
2597010986209755914137
5700352851471486834799
1894123833565331107477
2213505449196875497127
2286896187473068777799
569568749577450114241
2044273522827467541503
1666884721134617378507
7184087022109919320747
3910025533223244489323
3861204606342487825423
2127648358074145826797
4180986731279582086573
6181334040131194272763
3165538924910119227383
2523117481478855708809
4990996673095756449013
2980158764578788644581
2029546057775179818991
