30887415131
81902921899
86505039587
78950400869
64657036669
80455127443
69225129709
29212906927
38813966837
90370958459
83274615089
55207914347
66286060259
61367334527
34607960831
36261802249
82637387737
74170677671
81824716067
70221652201
52753865221
33181040603
72053217671
79542820013
80748063481
59905285273
75155184257
67741680683
63080798789
48370575959
61706255459
90334686973
58384696361
48748385117
59192126561
58082528503
66053892503
76058229437
23126421193
82791524953
49334327197
65789741239
89296420321
71144834153
36464145719
47592135029
50744664353
48543293257
59020612837
76879107733
81563058559
72342550151
25712256233
95163269423
64806819113
24764200801
71933875763
46629335639
56958823807
41163845309
56539100771
25142176453
82370961359
42645077623
54660418157
82120498079
82199323033
75182703749
33977346773
36495606971
23622228541
61937625271
48421995997
90924701393
62837148113
84901711567
73327657003
90319232851
58219061573
76876352747
30938314079
74515628483
29764702369
62881137779
68019557519
26424634937
63658913411
29958204583
53245032187
29352522733
93801624601
64734033229
26311284919
77510168167
95572124363
72708734143
44069013493
90014844929
68055513319
36196757897
24234372347
24171410281
82952365159
54373480439
59590431631
88129370759
36978962749
57215398829
42465311719
93696837389
60375530531
76222908353
73927211557
78024626437
88157479219
30395982011
50164152509
95789905327
57387172763
78035664647
58343452807
33255173351
87268235027
90040631203
37607050301
35557172653
84360927947
35708674871
90922151513
91348370579
28298172941
45009065597
55330370699
52714598477
29927839099
23566570169
26437242157
54605135021
24837696019
54793865281
58308077171
37461505909
31202191247
75828075863
66473440469
29727360683
67812273041
27422909161
28826107577
90778060697
81930905057
39699068411
29259176641
46430711279
73685876609
38331797131
61950171839
25301494663
77958759331
79783800193
49075650979
77823939593
92711864689
47883058987
27439942417
48226963787
30898000753
63255616309
45725803247
39137233339
92682091883
70846157203
87625262729
39274487641
37390211597
78716318003
54442674901
70332435263
76311196579
51986137393
34813639361
27687432107
71939622149
56933249251
96306302987
95617674107
87080881057
36269876789
33620623489
86072932961
65201705011
32359191619
85769150723
26099076271
69256231397
46918990423
90211021421
64431911587
29391525151
39636422141
29347024051
67529985203
48405795433
44700611287
42174971467
80956982807
60301331983
77883442607
57565637323
44254203677
32526507947
29898157307
26234259217
24313409543
38988154787
42810616831
36427951733
85171105603
69241432751
67500423301
58021640123
94101759643
41591213981
71295906757
26376734299
30356153393
92046086387
23409180437
71716443779
70455462811
90560469347
36819081119
82868605247
33064311439
29536111571
35143497941
70850799337
69886365463
37849776719
41703352849
84737027423
56598832777
37909850207
33076956623
70290784063
45321808457
60172908017
74179534469
63489837139
40978577293
59909749381
82030725949
47633373629
23748732899
78712786189
36278015327
59526989713
33069080809
27074114927
79608399379
35495807969
71837261737
87851251031
72442657579
93495029891
61951610951
31962985423
30300549329
91911686407
50433428467
75588768029
23276863991
29174410193
33640878463
41633276107
25391452549
91064147827
44262601441
87555271511
45873171109
96430275259
25309411663
26106198073
91665049999
75848343079
50406994849
89890472653
46211703709
24698852119
47283463529
39573432557
55275142661
61494806729
35103721469
23961128593
24873939403
72448456219
79409280121
57552772139
36633898957
83936652713
30943508009
58586022527
38081348609
46868518289
82246432561
86304372463
43328028593
50463380857
37897400483
53738478037
76673414117
50343846229
91308379759
23128146103
29944204847
48849910247
41799449243
75945972871
93319115497
48309922799
57515384491
77200989301
60874504367
83493042253
82320508483
69974267323
40250516927
66327330547
72432631729
69523689253
85403947583
47486424971
76312777427
75703621313
72789215509
65151292579
61679131079
62350846273
93113631269
57591523243
40314180737
76089279449
29730752963
64624055599
63867691889
85270769443
83117550877
82815074179
56208573433
26433898499
61679721559
28832950613
55301235589
90625141939
96827345093
50184475351
76792711991
68755736851
52269014263
54539276821
82904805647
53729837333
96808083409
80007281771
95101139621
70459848469
33672400673
32574838187
81610234547
77560081769
74815267529
92078806123
45415060909
86779883189
51333193603
24043637537
57242772053
51196701911
36073254457
81478847269
52423669729
60598136177
31952709419
38312954857
46660584241
58234716643
73331721961
72349871989
39465677753
70340950943
33558076151
38426182429
48688675033
60845886457
45713407937
34709788793
82745757863
83948958659
56069540389
49715515573
68241545969
78567223489
32850885787
39150357781
56065473407
64544420461
55989193523
29138031553
94078942627
82182268439
54566489947
50632873723
65388912019
63949675991
41599983703
69906352667
40616528423
80541552901
68059671541
46267847491
48652590013
51947451359
86870284373
69913912681
75824085133
36390878401
64992172411
31615788683
45175895221
49117438603
55169271767
96908018143
41294521451
80727187109
91844079473
80320719547
31601447777
81447632533
93820052297
90287535049
31926773927
53624173033
25762660213
82743361313
55981110391
74312758747
82958142991
28035639871
56198699147
47623689349
78687114361
52425124153
49241423201
37528167067
90701776933
33322432477
33576886349
31937324701
49815790397
65746657513
71301754439
75638719687
62617729873
82891440739
80576651647
28292031151
61935307771
23069191127
78127850707
84810652271
45933530371
23445360713
56375847641
59918891467
32581348361
83922219211
87965548327
64044918661
93653751479
95504285389
43309259971
89988233303
29294148029
58306311449
28905945059
35008546787
29271686303
84469646759
77458977709
73051245401
73251959003
70677967537
71852124151
40323668053
31026437531
34864042327
35616429829
84583627421
43712225771
